{
    "name": "Hydrogenix facility F407 1v1",
	"creator": "Alpha2546",
	"version": "1",
	"date": "2015/04/14",
	"description": "Huge Planet with an old abandoned eco friendly facility between you and your foe. Preferred to play with 2 players",
    "planets": [
        {
            "name": "Hydrogenix",
            "mass": 10000,
            "position_x": 20000,
            "position_y": -100,
            "velocity_x": 0.7905476689338684,
            "velocity_y": 158.11093139648438,
            "required_thrust_to_move": 0,
            "starting_planet": true,
            "planet": {
                "seed": 1585189120,
                "radius": 900,
                "heightRange": 20,
                "waterHeight": 40,
                "waterDepth": 100,
                "temperature": 80,
                "metalDensity": 0,
                "metalClusters": 0,
                "biomeScale": 50,
                "biome": "tropical",
                "symmetryType": "terrain and CSG",
                "symmetricalMetal": true,
                "symmetricalStarts": true,
                "numArmies": 2,
                "landingZonesPerArmy": 1,
                "landingZoneSize": 120
            },
            "planetCSG": [
                {
                    "weight": [
                        1,
                        1,
                        1,
                        1
                    ],
                    "spec": "/pa/terrain/metal/brushes/metal_structure_02.json",
                    "proj": "BP_Bend",
                    "transform": [
                        2.8881452083587646,
                        -0.07718628644943237,
                        0.7301006317138672,
                        219.4795684814453,
                        0.7332930564880371,
                        0.1585230678319931,
                        -2.884014368057251,
                        -866.9794921875,
                        0.035861968994140625,
                        2.9747772216796875,
                        0.1726302057504654,
                        51.89531707763672
                    ],
                    "op": "BO_Add",
                    "rotation": 0.25999996066093445,
                    "scale": [
                        2.9799981117248535,
                        2.9799981117248535,
                        2.9799981117248535
                    ],
                    "height": 895.8336791992188,
                    "position": [
                        220.214599609375,
                        -869.8829345703125,
                        52.069034576416016
                    ],
                    "weightHard": false,
                    "weightScale": [
                        1,
                        1,
                        1
                    ],
                    "mirrored": false,
                    "twinId": 31,
                    "flooded": false,
                    "pathable": true,
                    "mergeable": true,
                    "no_features": false,
                    "biomeColor": [
                        0,
                        0,
                        0,
                        1
                    ]
                },
                {
                    "weight": [
                        1,
                        1,
                        1,
                        1
                    ],
                    "spec": "/pa/terrain/metal/brushes/metal_structure_02.json",
                    "proj": "BP_Bend",
                    "transform": [
                        2.8881452083587646,
                        -0.07718628644943237,
                        0.7301006317138672,
                        219.4795684814453,
                        0.7332930564880371,
                        0.1585230678319931,
                        -2.884014368057251,
                        -866.9794921875,
                        -0.035861968994140625,
                        -2.9747772216796875,
                        -0.1726302057504654,
                        -51.89531707763672
                    ],
                    "op": "BO_Add",
                    "rotation": 0.25999996066093445,
                    "scale": [
                        2.9799981117248535,
                        2.9799981117248535,
                        2.9799981117248535
                    ],
                    "height": 895.8336791992188,
                    "position": [
                        220.214599609375,
                        -869.8829345703125,
                        52.069034576416016
                    ],
                    "weightHard": false,
                    "weightScale": [
                        1,
                        1,
                        1
                    ],
                    "mirrored": true,
                    "twinId": 31,
                    "flooded": false,
                    "pathable": true,
                    "mergeable": true,
                    "no_features": false,
                    "biomeColor": [
                        0,
                        0,
                        0,
                        1
                    ]
                },
                {
                    "weight": [
                        1,
                        1,
                        1,
                        1
                    ],
                    "spec": "/pa/terrain/metal/brushes/metal_structure_04.json",
                    "proj": "BP_Bend",
                    "transform": [
                        0.9706323146820068,
                        -0.08090513944625854,
                        0.22655516862869263,
                        206.05740356445312,
                        0.23943358659744263,
                        0.2335512489080429,
                        -0.9424041509628296,
                        -857.1393432617188,
                        0.023333102464675903,
                        0.9689728617668152,
                        0.24606376886367798,
                        223.8009490966797
                    ],
                    "op": "BO_Add",
                    "rotation": 0.25999996066093445,
                    "scale": [
                        1,
                        1,
                        1
                    ],
                    "height": 909.524169921875,
                    "position": [
                        205.37771606445312,
                        -854.31201171875,
                        223.06285095214844
                    ],
                    "weightHard": false,
                    "weightScale": [
                        1,
                        1,
                        1
                    ],
                    "mirrored": false,
                    "twinId": 88,
                    "flooded": false,
                    "pathable": false,
                    "mergeable": false,
                    "no_features": false,
                    "biomeColor": [
                        0,
                        0,
                        0,
                        1
                    ]
                },
                {
                    "weight": [
                        1,
                        1,
                        1,
                        1
                    ],
                    "spec": "/pa/terrain/metal/brushes/metal_structure_04.json",
                    "proj": "BP_Bend",
                    "transform": [
                        0.9706323146820068,
                        -0.08090513944625854,
                        0.22655516862869263,
                        206.05740356445312,
                        0.23943358659744263,
                        0.2335512489080429,
                        -0.9424041509628296,
                        -857.1392822265625,
                        -0.023333102464675903,
                        -0.9689728617668152,
                        -0.24606376886367798,
                        -223.8009490966797
                    ],
                    "op": "BO_Add",
                    "rotation": 0.25999996066093445,
                    "scale": [
                        1,
                        1,
                        1
                    ],
                    "height": 909.524169921875,
                    "position": [
                        205.37771606445312,
                        -854.31201171875,
                        223.06285095214844
                    ],
                    "weightHard": false,
                    "weightScale": [
                        1,
                        1,
                        1
                    ],
                    "mirrored": true,
                    "twinId": 88,
                    "flooded": false,
                    "pathable": false,
                    "mergeable": false,
                    "no_features": false,
                    "biomeColor": [
                        0,
                        0,
                        0,
                        1
                    ]
                },
                {
                    "weight": [
                        1,
                        1,
                        1,
                        1
                    ],
                    "spec": "/pa/terrain/metal/brushes/metal_structure_04.json",
                    "proj": "BP_Bend",
                    "transform": [
                        0.8196504712104797,
                        -0.12117978930473328,
                        0.5599005818367004,
                        510.5532531738281,
                        0.5723123550415039,
                        0.21609897911548615,
                        -0.7910498976707458,
                        -721.3300170898438,
                        -0.025134682655334473,
                        0.9688224196434021,
                        0.24647831916809082,
                        224.75474548339844
                    ],
                    "op": "BO_Add",
                    "rotation": 0.5900001525878906,
                    "scale": [
                        1,
                        1,
                        1
                    ],
                    "height": 911.8641357421875,
                    "position": [
                        508.8735046386719,
                        -718.9568481445312,
                        224.01524353027344
                    ],
                    "weightHard": false,
                    "weightScale": [
                        1,
                        1,
                        1
                    ],
                    "mirrored": false,
                    "twinId": 90,
                    "flooded": false,
                    "pathable": false,
                    "mergeable": false,
                    "no_features": false,
                    "biomeColor": [
                        0,
                        0,
                        0,
                        1
                    ]
                },
                {
                    "weight": [
                        1,
                        1,
                        1,
                        1
                    ],
                    "spec": "/pa/terrain/metal/brushes/metal_structure_04.json",
                    "proj": "BP_Bend",
                    "transform": [
                        0.8196504712104797,
                        -0.12117978930473328,
                        0.5599005818367004,
                        510.55328369140625,
                        0.5723123550415039,
                        0.21609897911548615,
                        -0.7910498976707458,
                        -721.3300170898438,
                        0.025134682655334473,
                        -0.9688224196434021,
                        -0.24647831916809082,
                        -224.7547607421875
                    ],
                    "op": "BO_Add",
                    "rotation": 0.5900001525878906,
                    "scale": [
                        1,
                        1,
                        1
                    ],
                    "height": 911.8641357421875,
                    "position": [
                        508.8735046386719,
                        -718.9568481445312,
                        224.01524353027344
                    ],
                    "weightHard": false,
                    "weightScale": [
                        1,
                        1,
                        1
                    ],
                    "mirrored": true,
                    "twinId": 90,
                    "flooded": false,
                    "pathable": false,
                    "mergeable": false,
                    "no_features": false,
                    "biomeColor": [
                        0,
                        0,
                        0,
                        1
                    ]
                },
                {
                    "weight": [
                        1,
                        1,
                        1,
                        1
                    ],
                    "spec": "/pa/terrain/metal/brushes/metal_structure_04.json",
                    "proj": "BP_Bend",
                    "transform": [
                        0.12310317158699036,
                        0.9312354326248169,
                        0.34299588203430176,
                        312.1998596191406,
                        -0.2500731945037842,
                        0.36358046531677246,
                        -0.8973698019981384,
                        -816.799072265625,
                        -0.9603691101074219,
                        0.024694979190826416,
                        0.2776349186897278,
                        252.7073516845703
                    ],
                    "op": "BO_Add",
                    "rotation": -1.1799993515014648,
                    "scale": [
                        1,
                        1,
                        1
                    ],
                    "height": 910.214599609375,
                    "position": [
                        311.1708984375,
                        -814.1070556640625,
                        251.8744354248047
                    ],
                    "weightHard": false,
                    "weightScale": [
                        1,
                        1,
                        1
                    ],
                    "mirrored": false,
                    "twinId": 92,
                    "flooded": false,
                    "pathable": false,
                    "mergeable": false,
                    "no_features": false,
                    "biomeColor": [
                        0,
                        0,
                        0,
                        1
                    ]
                },
                {
                    "weight": [
                        1,
                        1,
                        1,
                        1
                    ],
                    "spec": "/pa/terrain/metal/brushes/metal_structure_04.json",
                    "proj": "BP_Bend",
                    "transform": [
                        0.12310317158699036,
                        0.9312354326248169,
                        0.34299588203430176,
                        312.1998596191406,
                        -0.2500731945037842,
                        0.36358046531677246,
                        -0.8973698019981384,
                        -816.799072265625,
                        0.9603691101074219,
                        -0.024694979190826416,
                        -0.2776349186897278,
                        -252.70736694335938
                    ],
                    "op": "BO_Add",
                    "rotation": -1.1799993515014648,
                    "scale": [
                        1,
                        1,
                        1
                    ],
                    "height": 910.214599609375,
                    "position": [
                        311.1708984375,
                        -814.1070556640625,
                        251.8744354248047
                    ],
                    "weightHard": false,
                    "weightScale": [
                        1,
                        1,
                        1
                    ],
                    "mirrored": true,
                    "twinId": 92,
                    "flooded": false,
                    "pathable": false,
                    "mergeable": false,
                    "no_features": false,
                    "biomeColor": [
                        0,
                        0,
                        0,
                        1
                    ]
                },
                {
                    "weight": [
                        1,
                        1,
                        1,
                        1
                    ],
                    "spec": "/pa/terrain/metal/brushes/metal_structure_04.json",
                    "proj": "BP_Bend",
                    "transform": [
                        -0.11453986167907715,
                        -0.8861152529716492,
                        0.4490884244441986,
                        409.27569580078125,
                        0.25343483686447144,
                        -0.46316975355148315,
                        -0.8492611646652222,
                        -773.97216796875,
                        0.9605474472045898,
                        0.01654037833213806,
                        0.27762389183044434,
                        253.0118865966797
                    ],
                    "op": "BO_Add",
                    "rotation": 2.039998769760132,
                    "scale": [
                        1,
                        1,
                        1
                    ],
                    "height": 911.34765625,
                    "position": [
                        407.9284362792969,
                        -771.4243774414062,
                        252.1790313720703
                    ],
                    "weightHard": false,
                    "weightScale": [
                        1,
                        1,
                        1
                    ],
                    "mirrored": false,
                    "twinId": 93,
                    "flooded": false,
                    "pathable": false,
                    "mergeable": false,
                    "no_features": false,
                    "biomeColor": [
                        0,
                        0,
                        0,
                        1
                    ]
                },
                {
                    "weight": [
                        1,
                        1,
                        1,
                        1
                    ],
                    "spec": "/pa/terrain/metal/brushes/metal_structure_04.json",
                    "proj": "BP_Bend",
                    "transform": [
                        -0.11453986167907715,
                        -0.8861152529716492,
                        0.4490884244441986,
                        409.27569580078125,
                        0.25343483686447144,
                        -0.46316975355148315,
                        -0.8492611646652222,
                        -773.97216796875,
                        -0.9605474472045898,
                        -0.01654037833213806,
                        -0.27762389183044434,
                        -253.0118865966797
                    ],
                    "op": "BO_Add",
                    "rotation": 2.039998769760132,
                    "scale": [
                        1,
                        1,
                        1
                    ],
                    "height": 911.34765625,
                    "position": [
                        407.9284362792969,
                        -771.4243774414062,
                        252.1790313720703
                    ],
                    "weightHard": false,
                    "weightScale": [
                        1,
                        1,
                        1
                    ],
                    "mirrored": true,
                    "twinId": 93,
                    "flooded": false,
                    "pathable": false,
                    "mergeable": false,
                    "no_features": false,
                    "biomeColor": [
                        0,
                        0,
                        0,
                        1
                    ]
                },
                {
                    "weight": [
                        1,
                        1,
                        1,
                        1
                    ],
                    "spec": "/pa/terrain/metal/brushes/metal_structure_04.json",
                    "proj": "BP_Bend",
                    "transform": [
                        0.028874337673187256,
                        0.8851101398468018,
                        0.4644850194454193,
                        420.3138427734375,
                        -0.03964705765247345,
                        0.4653271734714508,
                        -0.8842504620552063,
                        -800.1608276367188,
                        -0.9987965226173401,
                        0.0071167051792144775,
                        0.04852801561355591,
                        43.913143157958984
                    ],
                    "op": "BO_Add",
                    "rotation": -1.0799994468688965,
                    "scale": [
                        1,
                        1,
                        1
                    ],
                    "height": 904.9028930664062,
                    "position": [
                        418.9203796386719,
                        -797.5079956054688,
                        43.76756286621094
                    ],
                    "weightHard": false,
                    "weightScale": [
                        1,
                        1,
                        1
                    ],
                    "mirrored": false,
                    "twinId": 94,
                    "flooded": false,
                    "pathable": false,
                    "mergeable": false,
                    "no_features": false,
                    "biomeColor": [
                        0,
                        0,
                        0,
                        1
                    ]
                },
                {
                    "weight": [
                        1,
                        1,
                        1,
                        1
                    ],
                    "spec": "/pa/terrain/metal/brushes/metal_structure_04.json",
                    "proj": "BP_Bend",
                    "transform": [
                        0.028874337673187256,
                        0.8851101398468018,
                        0.4644850194454193,
                        420.3138732910156,
                        -0.03964705765247345,
                        0.4653271734714508,
                        -0.8842504620552063,
                        -800.1608276367188,
                        0.9987965226173401,
                        -0.0071167051792144775,
                        -0.04852801561355591,
                        -43.913143157958984
                    ],
                    "op": "BO_Add",
                    "rotation": -1.0799994468688965,
                    "scale": [
                        1,
                        1,
                        1
                    ],
                    "height": 904.9028930664062,
                    "position": [
                        418.9203796386719,
                        -797.5079956054688,
                        43.76756286621094
                    ],
                    "weightHard": false,
                    "weightScale": [
                        1,
                        1,
                        1
                    ],
                    "mirrored": true,
                    "twinId": 94,
                    "flooded": false,
                    "pathable": false,
                    "mergeable": false,
                    "no_features": false,
                    "biomeColor": [
                        0,
                        0,
                        0,
                        1
                    ]
                },
                {
                    "weight": [
                        1,
                        1,
                        1,
                        1
                    ],
                    "spec": "/pa/terrain/metal/brushes/metal_structure_04.json",
                    "proj": "BP_Bend",
                    "transform": [
                        0.9145504832267761,
                        -0.010128229856491089,
                        0.40434491634368896,
                        365.3102722167969,
                        0.40445512533187866,
                        0.013816729187965393,
                        -0.9144533276557922,
                        -826.1738891601562,
                        0.003675103187561035,
                        0.9998530745506287,
                        0.016732513904571533,
                        15.117191314697266
                    ],
                    "op": "BO_Add",
                    "rotation": 0.4200000464916229,
                    "scale": [
                        1,
                        1,
                        1
                    ],
                    "height": 903.4620361328125,
                    "position": [
                        364.0972900390625,
                        -823.4306640625,
                        15.066825866699219
                    ],
                    "weightHard": false,
                    "weightScale": [
                        1,
                        1,
                        1
                    ],
                    "mirrored": false,
                    "twinId": 95,
                    "flooded": false,
                    "pathable": false,
                    "mergeable": false,
                    "no_features": false,
                    "biomeColor": [
                        0,
                        0,
                        0,
                        1
                    ]
                },
                {
                    "weight": [
                        1,
                        1,
                        1,
                        1
                    ],
                    "spec": "/pa/terrain/metal/brushes/metal_structure_04.json",
                    "proj": "BP_Bend",
                    "transform": [
                        0.9145504832267761,
                        -0.010128229856491089,
                        0.40434491634368896,
                        365.3102722167969,
                        0.40445512533187866,
                        0.013816729187965393,
                        -0.9144533276557922,
                        -826.1738891601562,
                        -0.003675103187561035,
                        -0.9998530745506287,
                        -0.016732513904571533,
                        -15.117191314697266
                    ],
                    "op": "BO_Add",
                    "rotation": 0.4200000464916229,
                    "scale": [
                        1,
                        1,
                        1
                    ],
                    "height": 903.4620361328125,
                    "position": [
                        364.0972900390625,
                        -823.4306640625,
                        15.066825866699219
                    ],
                    "weightHard": false,
                    "weightScale": [
                        1,
                        1,
                        1
                    ],
                    "mirrored": true,
                    "twinId": 95,
                    "flooded": false,
                    "pathable": false,
                    "mergeable": false,
                    "no_features": false,
                    "biomeColor": [
                        0,
                        0,
                        0,
                        1
                    ]
                },
                {
                    "weight": [
                        1,
                        1,
                        1,
                        1
                    ],
                    "spec": "/pa/terrain/metal/brushes/metal_structure_09.json",
                    "proj": "BP_Bend",
                    "transform": [
                        0.9910600185394287,
                        -0.019476331770420074,
                        0.13198819756507874,
                        118.7651596069336,
                        0.13322395086288452,
                        0.09120362997055054,
                        -0.9868804812431335,
                        -888.0113525390625,
                        0.007183000445365906,
                        0.9956417083740234,
                        0.09298300743103027,
                        83.66764831542969
                    ],
                    "op": "BO_Add",
                    "rotation": 0.1401681900024414,
                    "scale": [
                        1,
                        1,
                        1
                    ],
                    "height": 899.8165283203125,
                    "position": [
                        118.76516723632812,
                        -888.011474609375,
                        83.6675796508789
                    ],
                    "weightHard": false,
                    "weightScale": [
                        1,
                        1,
                        1
                    ],
                    "mirrored": false,
                    "twinId": 96,
                    "flooded": false,
                    "pathable": false,
                    "mergeable": false,
                    "no_features": false,
                    "biomeColor": [
                        0,
                        0,
                        0,
                        1
                    ]
                },
                {
                    "weight": [
                        1,
                        1,
                        1,
                        1
                    ],
                    "spec": "/pa/terrain/metal/brushes/metal_structure_09.json",
                    "proj": "BP_Bend",
                    "transform": [
                        0.9910600185394287,
                        -0.019476331770420074,
                        0.13198819756507874,
                        118.76516723632812,
                        0.13322395086288452,
                        0.09120362997055054,
                        -0.9868804812431335,
                        -888.0114135742188,
                        -0.007183000445365906,
                        -0.9956417083740234,
                        -0.09298300743103027,
                        -83.66765594482422
                    ],
                    "op": "BO_Add",
                    "rotation": 0.1401681900024414,
                    "scale": [
                        1,
                        1,
                        1
                    ],
                    "height": 899.8165283203125,
                    "position": [
                        118.76516723632812,
                        -888.011474609375,
                        83.6675796508789
                    ],
                    "weightHard": false,
                    "weightScale": [
                        1,
                        1,
                        1
                    ],
                    "mirrored": true,
                    "twinId": 96,
                    "flooded": false,
                    "pathable": false,
                    "mergeable": false,
                    "no_features": false,
                    "biomeColor": [
                        0,
                        0,
                        0,
                        1
                    ]
                },
                {
                    "weight": [
                        1,
                        1,
                        1,
                        1
                    ],
                    "spec": "/pa/terrain/metal/brushes/metal_structure_04.json",
                    "proj": "BP_Bend",
                    "transform": [
                        1.1796241998672485,
                        -0.02912183478474617,
                        -0.00619902228936553,
                        -4.7388505935668945,
                        -0.0028197094798088074,
                        0.1353067308664322,
                        -1.172213077545166,
                        -896.099853515625,
                        0.029640480875968933,
                        1.1718547344207764,
                        0.1351940780878067,
                        103.34929656982422
                    ],
                    "op": "BO_Add",
                    "rotation": 0.019999999552965164,
                    "scale": [
                        1.179999828338623,
                        1.179999828338623,
                        1.179999828338623
                    ],
                    "height": 902.0524291992188,
                    "position": [
                        -4.723091125488281,
                        -893.1197509765625,
                        103.00556945800781
                    ],
                    "weightHard": false,
                    "weightScale": [
                        1,
                        1,
                        1
                    ],
                    "mirrored": false,
                    "twinId": 98,
                    "flooded": false,
                    "pathable": false,
                    "mergeable": false,
                    "no_features": false,
                    "biomeColor": [
                        0,
                        0,
                        0,
                        1
                    ]
                },
                {
                    "weight": [
                        1,
                        1,
                        1,
                        1
                    ],
                    "spec": "/pa/terrain/metal/brushes/metal_structure_04.json",
                    "proj": "BP_Bend",
                    "transform": [
                        1.1796241998672485,
                        -0.02912183478474617,
                        -0.00619902228936553,
                        -4.7388505935668945,
                        -0.0028197094798088074,
                        0.1353067308664322,
                        -1.172213077545166,
                        -896.099853515625,
                        -0.029640480875968933,
                        -1.1718547344207764,
                        -0.1351940780878067,
                        -103.34929656982422
                    ],
                    "op": "BO_Add",
                    "rotation": 0.019999999552965164,
                    "scale": [
                        1.179999828338623,
                        1.179999828338623,
                        1.179999828338623
                    ],
                    "height": 902.0524291992188,
                    "position": [
                        -4.723091125488281,
                        -893.1197509765625,
                        103.00556945800781
                    ],
                    "weightHard": false,
                    "weightScale": [
                        1,
                        1,
                        1
                    ],
                    "mirrored": true,
                    "twinId": 98,
                    "flooded": false,
                    "pathable": false,
                    "mergeable": false,
                    "no_features": false,
                    "biomeColor": [
                        0,
                        0,
                        0,
                        1
                    ]
                },
                {
                    "weight": [
                        1,
                        1,
                        1,
                        1
                    ],
                    "spec": "/pa/terrain/metal/brushes/metal_structure_04.json",
                    "proj": "BP_Bend",
                    "transform": [
                        1.1796624660491943,
                        -0.027847740799188614,
                        -0.004553798586130142,
                        -3.4885058403015137,
                        -0.00262552872300148,
                        0.08128014951944351,
                        -1.1771941184997559,
                        -901.8072509765625,
                        0.028095200657844543,
                        1.1768677234649658,
                        0.0811949297785759,
                        62.20059585571289
                    ],
                    "op": "BO_Add",
                    "rotation": 0.019999999552965164,
                    "scale": [
                        1.179999828338623,
                        1.179999828338623,
                        1.179999828338623
                    ],
                    "height": 903.9566040039062,
                    "position": [
                        -3.4769287109375,
                        -898.8145141601562,
                        61.99416732788086
                    ],
                    "weightHard": false,
                    "weightScale": [
                        1,
                        1,
                        1
                    ],
                    "mirrored": false,
                    "twinId": 100,
                    "flooded": false,
                    "pathable": false,
                    "mergeable": false,
                    "no_features": false,
                    "biomeColor": [
                        0,
                        0,
                        0,
                        1
                    ]
                },
                {
                    "weight": [
                        1,
                        1,
                        1,
                        1
                    ],
                    "spec": "/pa/terrain/metal/brushes/metal_structure_04.json",
                    "proj": "BP_Bend",
                    "transform": [
                        1.1796624660491943,
                        -0.027847740799188614,
                        -0.004553798586130142,
                        -3.4885060787200928,
                        -0.00262552872300148,
                        0.08128014951944351,
                        -1.1771941184997559,
                        -901.8072509765625,
                        -0.028095200657844543,
                        -1.1768677234649658,
                        -0.0811949297785759,
                        -62.20059585571289
                    ],
                    "op": "BO_Add",
                    "rotation": 0.019999999552965164,
                    "scale": [
                        1.179999828338623,
                        1.179999828338623,
                        1.179999828338623
                    ],
                    "height": 903.9566040039062,
                    "position": [
                        -3.4769287109375,
                        -898.8145141601562,
                        61.99416732788086
                    ],
                    "weightHard": false,
                    "weightScale": [
                        1,
